[0.9328732506565661, 0.9274652897396619, 0.9246862708755144, 0.9235189413965104, 0.9232226722464641, 0.9172718731093626, 0.9126832036356207, 0.9120162323116467, 0.9148367159115036, 0.9079265929259736, 0.9119182349727681, 0.9096607570713552, 0.9077383824613785, 0.9034497779646593, 0.9055479908561737, 0.9006439208518533, 0.8975843695218979, 0.9060993713446088, 0.8991016556747956, 0.8906575140287206, 0.8828947831853535, 0.8822985432964636, 0.8787071551870713, 0.8800905755519448]
[0.944794869724046, 0.9360478323710246, 0.9357412523893268, 0.9315118810015851, 0.9339533401242935, 0.931693652535039, 0.9214652826744292, 0.9220300099672999, 0.9321334708762782, 0.9258962783899647, 0.9319094778380376, 0.9241608019458926, 0.9241431582320803, 0.9165850426402979, 0.9259991721160415, 0.9122955503467108, 0.91420750839293, 0.9201119034490225, 0.9260404442284318, 0.9114183204554267, 0.8917307577282568, 0.8858456739249081, 0.8852271357788268, 0.8840478298050747]
[1.1078951100654697, 1.1091687202339557, 1.1145684924484267, 1.1136118238242383, 1.115237244992487, 1.1158716887765219, 1.1172447185500993, 1.1112472733063916, 1.1171247184046464, 1.1258909277361364, 1.1257278858197008, 1.128532292762306, 1.1033695318975703, 1.1322454633545247, 1.1038417299616987, 1.117205100886658, 1.1006485760195115, 1.0967031547531751, 1.1092819702550825, 1.1022384901876243, 1.136214792633187, 1.1473134029614427, 1.0508189608590925, 1.082163946098594]
[1.1254993805920546, 1.1404147070752677, 1.1414021988734917, 1.1345432168301832, 1.128277739883152, 1.1411900217967235, 1.1437843235319745, 1.135425567000073, 1.1407881348578977, 1.1421513280791018, 1.1486370581411223, 1.1569362616380616, 1.1508477173487677, 1.143592003811248, 1.1408413582807224, 1.1500318229216622, 1.127930603927296, 1.1141809034430212, 1.1568719284387663, 1.1615915983368441, 1.1769736866698135, 1.1815339071459037, 1.1720011509779134, 1.1722998728117815]
[2389.4164693594453, 2585.493365756609, 2772.402173913498, 2979.2490127317506, 3317.2510091110503, 3493.768441092748, 3740.9542781614136, 4043.8021407879633, 4240.415648657346, 4557.119161427408, 4757.491226074198, 4950.399461703789, 5043.941448480107, 5444.10515371637, 5577.515581970898, 5809.305998857655, 6004.9411497690935, 6486.734311447172, 6710.624107088617, 6703.472234818129, 6999.848739537886, 7091.0645451556775, 7261.7109877690455, 7363.627037515473]
[2492.711375189675, 2729.2673009436066, 2954.424647879854, 3072.6109418538495, 3459.0637461602237, 3593.928908590152, 3977.0152124426177, 4231.3255606251805, 4417.131422088321, 4664.218048076226, 4982.055198409588, 5056.802349311272, 5292.270306777612, 5729.937608735369, 5938.887774659494, 6124.992163260293, 6203.741854719618, 6740.283747736441, 6963.549166911942, 7197.363545076766, 7373.941279939785, 7373.941279939785, 7373.941279939785, 7373.941279939785]
[0.87628290980358, 0.8718564216356869, 0.8710146580629715, 0.8645475720230053, 0.8628424413679096, 0.8560210993120643, 0.854375056070416, 0.8531354934332441, 0.845407883166503, 0.8463678628995659, 0.8463911059166511, 0.8438414372564897, 0.8449197028443152, 0.8464413358149019, 0.8454335880710424, 0.842454945157438, 0.848852858095831, 0.8483285841230513, 0.847971083204761, 0.8472202606879717, 0.8299151041022297, 0.8307672637399486, 0.8310580667220575, 0.8310462201105882]
[0.8919756842065771, 0.8874673315274118, 0.882976542504224, 0.8828706696307387, 0.8799011851300726, 0.8802063235937283, 0.8786361054374634, 0.87268371374977, 0.8653121080864965, 0.863696684890537, 0.8647795976061252, 0.8610424217420116, 0.8652234844241949, 0.8606343321472634, 0.8618586965052912, 0.862053564975939, 0.8636272838344381, 0.8616803726837764, 0.8515437689996446, 0.8511337849353222, 0.8462901888854288, 0.8450888413390624, 0.8472348765098214, 0.8446422879465112]
[0.9082199983784218, 0.9024552523542368, 0.9047965811546987, 0.9008675248937049, 0.9019378016253301, 0.8957105854537939, 0.8894527114836865, 0.8845726801270601, 0.8817275362763966, 0.8691355277414438, 0.8723402404768485, 0.8612135378422654, 0.8693152193287297, 0.8673951294678334, 0.8614958584313588, 0.8616118159059193, 0.8630894373095372, 0.861476178901305, 0.8558714502741125, 0.8551598198514186, 0.8444730064587759, 0.8447197438821468, 0.8458363749597213, 0.8448183488230085]
[0.8950968580421087, 0.8827956712083966, 0.8839016533672236, 0.8712593719501157, 0.8702629658473087, 0.8654951956001812, 0.8660568792602029, 0.8679655390017974, 0.8499187704912752, 0.8545331145668418, 0.8545331145668418, 0.8518239912644263, 0.8523780609394919, 0.8518239912644262, 0.8505846494320077, 0.8505605602131914, 0.8521053054292055, 0.8545331145668416, 0.8555853169844886, 0.8531267569746167, 0.8317498001127335, 0.8317498001127335, 0.8338619214246492, 0.8341911423264664]
[0.9117660084447291, 0.9004108295301605, 0.8874256022917629, 0.8947244092121422, 0.8945155669861301, 0.8981560002836618, 0.8911657581981518, 0.8843675916094883, 0.875262065879294, 0.8703006649202087, 0.8724613525750806, 0.8677463786236548, 0.8749296838945302, 0.8663684012235433, 0.8672473948421758, 0.8699759929366401, 0.868074914406498, 0.8712903842016293, 0.8569513205369758, 0.8574011236661772, 0.8529090426836923, 0.8496659083996217, 0.8535953798368136, 0.8497048640747973]
[0.9205907375779869, 0.9108573675505909, 0.9131865394156646, 0.9152620072128458, 0.9127298645442498, 0.9011183891646223, 0.9007007081100695, 0.8968757015902552, 0.8979465557938402, 0.888772027069305, 0.8900721966134022, 0.8633976077571422, 0.8877619695563608, 0.8851291096574391, 0.8634795299894004, 0.863397607788853, 0.8698628522594344, 0.8684902050370494, 0.8566998397654084, 0.8566998397654084, 0.8444730064746311, 0.846065062825398, 0.8529090426836923, 0.8479264301169587]
[1.1401884281985921, 1.1553893412860448, 1.151745836332987, 1.1866961421783158, 1.1822924550362832, 1.1943227622041468, 1.2116405195285767, 1.2014190727893388, 1.2125874537252126, 1.2194065942670753, 1.2189230714830945, 1.2317775308862695, 1.2229934407225884, 1.225824738619656, 1.2298363866585131, 1.232090938210824, 1.219786800505095, 1.2312519889223184, 1.2331791548202116, 1.2345648715651663, 1.238183440422204, 1.2330564203881949, 1.2375211529430932, 1.2358388535629454]
[1.161054658366558, 1.1639678068516346, 1.1749349722762357, 1.1743814869580944, 1.1782670246364142, 1.1849298923199265, 1.186212945124217, 1.1985231088147263, 1.2088548205338336, 1.209115097058064, 1.2184128087038015, 1.2259476221986412, 1.2160844399835986, 1.2270759020418398, 1.2272238722001325, 1.2271935947199484, 1.228097777723249, 1.2255134754866792, 1.2208026503942928, 1.2193935458991791, 1.216409318301637, 1.219790162365197, 1.215941720950247, 1.2206811891352705]
[1.1349364208318453, 1.140611768642297, 1.1353316557446838, 1.1446981630958875, 1.143603708463266, 1.15801230389287, 1.155433163094781, 1.1662854209516165, 1.1722339594012854, 1.1870831673805404, 1.1827497568487226, 1.196779062079265, 1.1809352196182175, 1.188354825015956, 1.1956487777779674, 1.1927029447252873, 1.1924087594825914, 1.1935637444538088, 1.2000526777696652, 1.2026070639144124, 1.2022844442735106, 1.2108854852350592, 1.202733921864008, 1.203077621937297]
[1.1680660213232719, 1.1841115672485554, 1.1814017217630757, 1.212330735151992, 1.2109238466961414, 1.2235057146023764, 1.241934322491867, 1.2395664633884982, 1.2297694202809375, 1.239010914364208, 1.2448079286343903, 1.2609669249670092, 1.236544137938717, 1.252697255846749, 1.249502821590945, 1.2607933296873122, 1.2354944213090773, 1.2571479949552924, 1.2390074110564717, 1.2435571139193724, 1.2674151970317824, 1.25481732944835, 1.250424068468164, 1.25481732944835]
[1.1879397933401834, 1.1962007103094345, 1.1967027313965104, 1.2040724271221044, 1.1898751176780928, 1.2240463517988371, 1.2240463517988371, 1.228081173947045, 1.229226424534874, 1.2285386722150735, 1.2274483859375758, 1.2425716831840923, 1.2368261808228467, 1.2417300529606903, 1.2394746503644012, 1.2487010274267802, 1.2419693469984492, 1.236067837524544, 1.24631833732441, 1.2459321955702676, 1.221824969092598, 1.2261734537310345, 1.224560163595799, 1.2397190461763907]
[1.1510447041798262, 1.151907249506629, 1.177064085849936, 1.1650409386646612, 1.160206323900766, 1.1741661977437676, 1.1789907394781742, 1.1835869181299683, 1.1885588824109203, 1.222978493150138, 1.2086511721530933, 1.2040735472169934, 1.2016378813665927, 1.1974261809345095, 1.2092547780446623, 1.2218841212627407, 1.2005481545628618, 1.2072015689061761, 1.2106279706744527, 1.2071465728341946, 1.2072430947327801, 1.2742133682698558, 1.2189788046367687, 1.2072430947327801]
[4319.5, 4246.8, 4214.4, 4185.6, 4267.6, 4351.8, 4314.2, 4343.0, 4331.7, 4258.1, 4311.8, 4376.7, 4291.2, 4368.1, 4326.1, 4370.8, 4379.9, 4325.0, 4428.5, 4460.5, 4461.6, 4464.8, 4463.2, 4464.8]
[2029.0, 2101.9, 2265.3, 2326.9, 2610.5, 2700.4, 2626.4, 2725.3, 3039.5, 3078.8, 3143.7, 3744.2, 3217.1, 3581.2, 3716.4, 3403.7, 3529.8, 3662.8, 3335.1, 3369.4, 3327.6, 3494.5, 3354.2, 3497.1]
[1872.5, 1921.8, 1844.3, 2165.9, 2045.9, 2025.3, 2213.4, 2270.7, 2389.0, 2739.2, 2522.3, 2752.5, 2479.5, 2936.6, 2770.3, 2715.5, 2715.5, 2972.2, 3205.2, 3305.2, 3384.0, 3492.4, 3396.5, 3369.9]
[4468.0, 4468.0, 4468.0, 4409.0, 4468.0, 4468.0, 4452.0, 4468.0, 4452.0, 4393.0, 4452.0, 4452.0, 4452.0, 4452.0, 4468.0, 4452.0, 4452.0, 4409.0, 4468.0, 4468.0, 4468.0, 4468.0, 4468.0, 4468.0]
[2385.0, 2978.0, 2600.0, 2973.0, 3201.0, 3201.0, 3201.0, 3201.0, 3201.0, 3201.0, 4060.0, 4060.0, 4060.0, 4060.0, 4060.0, 4060.0, 4060.0, 4060.0, 4060.0, 4060.0, 3384.0, 4223.0, 3650.0, 4390.0]
[2188.0, 2188.0, 2188.0, 2900.0, 2540.0, 2540.0, 2870.0, 3201.0, 2973.0, 3201.0, 3201.0, 3201.0, 3201.0, 3201.0, 3201.0, 3201.0, 3201.0, 3384.0, 3243.0, 4060.0, 3384.0, 4468.0, 3650.0, 3384.0]
[15, 13, 12, 11, 10, 9, 8, 7, 6, 5, 5, 4, 5, 4, 4, 4, 4, 4, 3, 3, 2, 2, 2, 2]
[2.5, 2.75, 3.0, 3.25, 3.5, 3.75, 4.0, 4.25, 4.5, 4.75, 5.0, 5.25, 5.5, 5.75, 6.0, 6.25, 6.5, 6.75, 7.0, 7.25, 7.5, 7.75, 8.0, 8.25]